[parameters]
k3 = 0.766576
k4 = 0.123848
k5 = 4.09948e-3
k6 = 3.23097e-4
d_H = 0.83355
d_C = 1.61511
d_M = 0.781155
d_D = 1.34671


